895 24
000000000000000000000000
010000000000000000000000
000001001000000001100000
000010000010000000010000
000000000000000000000100
000000000010000100000000
100100000100100100000000
000000000000100000100000
000010010100001100000001
100000100000000000000000
000000100000001000000001
000000001000001000000000
001000000110000100010000
100000011000000000000100
000000000000000010010000
000000000100100000000000
000000000100000100000001
000000000000000000000001
000000000000000000001000
000000000000000000000000
000000000000000001000000
000000000000100000000010
000000001010010000010101
000010000000000000000000
101000000100000000000000
000000000000000000000000
000010001010000000000000
100000000000000000000001
100000000100100000000000
000000010000000000000001
100000000000000110000000
000000000000000100000000
000000000000000010001001
000000000110000000000000
000000000000100000001000
000000000000010000000111
000000000000000000001000
000000000100000000000000
100101000000000000000100
000000000000000000000000
000000000100000001000000
101000000000010000000000
010000000000000000000000
100100100000000100000000
000000010000100000000000
000000000000000000000000
001000000000000000000000
000000001000000000000000
000000101110000001000000
000000000001000000000000
000011000000001000000000
000000000000000000010000
000000000001000001110000
000001000000011000000000
000011000101000000010000
000000100000000000000000
110100000000001000000000
000000000001000000000000
000000000100000000000000
000000000000010000000000
000000010001000101000000
000000000001001000000000
001000000000010000000000
100100000000000000000000
000010000000000101000010
000010000000000000000000
000001000100010000000010
000000000001000000000101
000000000000100000000000
100000000000000100001000
100100000000000000000001
000010000010000000000000
000000000000000010000000
000000010000000000000000
010000000000001000000100
100000000000000010000100
000000000000000000000000
000000000100000000000010
000000000000000000000000
101000010000000000000000
000000000000000000000000
000000000000110000000000
000100000000000000100000
000000000000000000000000
000011010000001000000000
000000001000000100000100
000000000000000000000000
000010110010000000001010
000000000000010001000000
000000000000000000100000
000000000000000000000001
000001000000000000000000
100000000000000000000000
001100000000000000010000
010000100010000101100000
100000000000011000000000
000000100100000000000000
100001000001000001000000
000000000000000100001000
000000000000001000100001
000010000100000000100001
000000000100000000001000
000000001000100000000010
000000000000000000000010
010000000000010001000000
000001000000000000000001
000000000000000000000000
000000001100000011101000
000000000010000000000100
000000000000000000000000
000000000000000000010000
000000100000001100000000
000000100000010000000000
000000000000000001000000
000000000000000000000000
000000000000000100000000
010000000000000010000000
000000000101001010000000
000001000000000000000000
000000000000000000100000
000000000000000001000000
000001001000000000000000
000100011001010100000100
000010000000100100100000
000000000000000000000000
000000000000000000000000
010100000000001001001000
000000000000000000000001
000000100000000000001000
010000000000000000000000
000000000000000000000000
000000100001000000010000
000000000000000000001000
001000000000000000000000
000000000000100000000010
000000000100000000011000
000001000010000000000000
000000000000000000000000
000000000001000100000000
000000000000000000000010
000010000000000010000010
000100000100000000001100
000000000000000000000001
000000000001000000001000
000001001000000000000000
000000000001000000001000
010000000000000000000000
000000000000000010000000
000000000001000000000001
000000000100000000000000
000001000000000000000000
100000000000100000000100
000000000000000001000010
000000000100001000000000
000000000000000001010000
000001000000000000000001
000000000000000000000000
000000000010000000000000
000100010000000000000000
101100010000000000110000
000000000000000000000000
001000000100000000000000
000000100001000000000001
000000001001000001100000
000000000000000000101110
000000000000000000000100
000001000000000000000000
000110100001000000000000
000010000000000000000000
100000000000000000101000
000000100000010000000000
100000000000000001010000
000000000000000000000000
000000100100000010000001
000100000000000000000000
000000000011000000000000
000000000000000000000000
010010000000000000000100
000001100000010001000000
000000000000000000001000
000000000010000000000000
000000000000000010000000
000000000000000001000000
000000100000000010000000
010000100100000000001000
000000001000000000000000
000000000000010000001000
000100000010000001010110
000000000000000000000000
001000000000010000000000
000000001000000000000000
000000000000000001000000
000000000000000000000000
000000000010100010000000
010000100000000110000000
000000000000000000001101
000000000000000010000000
001000000001100100010000
010000000000001000010000
000000000000000000000000
000000000000000000010001
100000000000100100000000
001000000000000000000000
000000000010000000000000
100000000000000000000000
000001001000000100100000
000000000000000000100000
100100011000000000000000
000100001000000000000100
000000000000001010000000
000000000100000000110000
000000010100000000000000
100000000000001000000001
000100000000000000000000
010000000000000001000000
000000000010000010000000
000100000000000000000000
000001000100100000001000
010000001000000000000000
000000000011000000100000
000000000000010000000000
010010010001000010000000
010000010001000011000000
000100000000000000000000
000000000000001000000000
100000000000000000000000
001000000000000000000000
000100000000001010100000
000001000001000100000000
100000101000000000000001
000010000000000000000000
010000000000010000100000
000010000011000110000000
001000001000010001100001
100010000000000000001001
000000000000000000000000
000100100000101010000000
100000010101000000000000
000000000000000000000010
000000001100001100100000
000010000000000000000000
000000000010000000000001
000000000000000000000000
000000000000000000000000
100000000000000000000001
000000010000000100100000
001000000101000001000000
010010000000000000100000
001000000001000000000000
000000000000000000000000
000000000101101001000000
000100001000100000000100
000000000000000000000000
000000101010000000100000
000000001000000010000000
100000001000000000000000
000000000000000000000000
001000000000000001000000
000000000001010000000000
000000000000000000010000
000000000001100000000000
000000000000000001000010
001010000000000001100000
000000100000000000000000
000100000000000000100000
000010000000000000000000
100000000001001000000000
000000000000000000010110
000010000000000001000000
000000000000000001000000
000000000000000100000001
000000000010000000000000
000000000000000000001100
001010000001000000100000
000000100101000000000000
000000010000000000001000
000000000010000000001000
001000000000101000000000
000000100001000000100000
000110000000000000000000
000000000000010000000000
000001000000000000000001
000000000000000000001000
000000000000000010010000
000000000000000000001000
000001000000001000000000
010000000000000000000000
001000000000000000001100
000100010000000000100000
000100000000010000000010
010000101000000000000000
000000000010000000000011
000000000100000001000000
000001010000000000000000
001000000000000000000000
000000000000000000000010
000000010100000000000000
000000000000000000000000
000000000010000010000010
010110000000000000000000
000101000001000000001000
000000010000000000000000
000000010000100000010000
000000000000000000000000
010000100000000000000000
000000000000000000000000
000000000000100000000000
000000000000000000100000
000000000000000010000000
000011100000000100100000
000000000000000000000000
000000000000000000000000
001000010000000000000000
001000000000000000000000
000000001000000000000000
000000000000010000001010
000111000100000100000000
000000000001000000000000
000000000010001000000000
000000000100000000010000
000010000000000000000001
100000000000000000000000
010000000000000000100000
000000001000000000010000
001000000000000000000000
110011000000000000000000
000010000000000000000000
000000000000010000000000
000110010100000000000000
010000000000000001000000
000110000000000001000000
001000001000000000000000
000001000000000010000000
000000010000000100000000
000000001000000000000000
000001000000000100000000
000010000000000000010000
101000000000000001000000
000100010011000100110000
001010000000000000000000
000000000100000000000000
100001000001000000000000
001000000001000000000000
000000000000010000000000
000000000000100000000100
000100000010111000000001
000000000000000000000010
000000100000000000000010
000000000100000000000000
001000000000100000000010
000000000000000000000010
000000000000000100000000
000000000000000010000001
000100100000000101000000
000000000000000000000000
000010100000000001000010
000001000000000000000000
000000000100000000000000
001001000001000000000000
001000000000000000000000
000001000000010001100010
000000000000000000000000
000100100000100000001000
000001100000100000000000
000000010000000000101011
100000000000000000000000
000000000100000010100000
101011000001000000000000
000000000000001000000000
010011000000000000000101
000000010000100000100000
000000000000000000100000
000000000000000000000000
000000010000000000001000
000000000000000000000000
010000000000000000000000
000000000000000110001100
000000000000010000000000
010000000000000000000000
000000000000100011010000
000000000100000010000000
000000000001000000000100
000000000000000000000000
000000010000000000000000
100000010001000000101000
001000000000000000000100
000010000000000000000000
001000101000000000010000
000000000000000000010000
010000000100000010000000
010000000000000000000000
010000000001000000000000
000000000000000000000001
000011010010000000000000
000001010000100000010000
010000000000010100000000
000010100000000000000000
101001100000000100000010
000000000100000000000000
000000000011000000000000
001000100000000000000000
000000000000000000000000
000000000000000000000001
000000000000000000110000
000010000000100000000000
000000001000000000100100
110000000000000000000100
000000000100000000010000
000000000000001101011000
000100000000000000000000
000000000000000000110000
000010000000000100000001
000000000000000000000000
000110010000000000000000
001100000100000000000000
101001010000000000000000
000100000000000000000010
000100000000000000001000
000000010000100000000000
000100001000000000001000
000000000010000000001000
100000000000000000010000
000000000000000000000101
000000000000110000000000
000001000100100001100000
100000000000010000000010
001000000000001000000000
000000000000000100001000
000001000100000010100000
000000000000000000000000
000000010000001100000000
000000100000001000000000
100100000000000000000010
000000000000010000000000
000000000000010000000100
100000000000000000000000
000010000001000000000000
000000000000000000000100
000000000000101000000000
100000000000000000000000
101010000000000000000000
000000000000000010100000
101000000000100000001000
000000000000001100100000
000000000000000000000000
000000100010100000000000
000000000000000000000000
001000000000011000100000
001000000000000000000100
000100000000100100000100
001010000010000000010000
000000000001001000000000
001000000100000100100010
000000000000000000000100
000000000000000001000000
000000000000000000000000
000000000000000010000000
000010000100000000000100
001000000000000000000000
100001000100001000010000
000000100000000001000100
000010000000000000100000
000001001100000000000000
000010000000000000000000
000000000000000000000000
000000000000000010001010
001000000000100000010000
000001000000000100000001
001001000000000000000001
000010000001000000000000
000100000000000100000000
000011000000000000010000
000000000001000001010011
000011000000100000000000
000000000001000000000000
010110000000000000100000
100000000000100001101000
000000000000000000000000
000000000010000000000000
000000000000000100100000
010011000000100001000000
000000000000000000000000
000001000000000000100000
010000000000000010000000
000000000000000110011001
000000000000000000000000
000100000000000000000001
000000000000010001000000
000000000100000010000000
000000000000001000100000
010000000010010000010000
000100000000000000000001
000001001000000000000000
000000000000000000000000
000000100000000000000000
000000000100000000000000
000000000000000100010100
000000000000000000000000
010000000000000000010000
000000000000000000000000
000000000000000001000001
000000000000000000000000
000000000000000100000110
000001000100000001000000
000000000000000000100001
000000000000000110011000
000000000000010000000000
000000000000000000000000
001000000000000100100000
000000000010000000010000
000100000111010010000000
101000000010001001000000
000000000000000000000001
001001000000000000100010
000000000000000000000000
000000000010000000001010
000001000001000000000100
000110000000000000000001
000000000000000000000000
000001001011011000000100
000000000000000000001100
000100010000000110000000
000000000000111000000100
000000001000000000000000
000100000000000001000000
000000000000000100000000
000001000000000000000000
000001000000000000000000
000011000000000000000000
000000000100000000000000
000001000001000010000000
000000000000000010000000
000000000000000100001000
000000000000000000000000
000000000000000000000000
000000000000000000000000
100000000000000000000110
000000000000000000010100
000000000000000000000000
100000100000000010000100
000100000000000000000000
001000000001100000000000
110011000000010000000000
000000000000000000000000
001000000000000000000000
000000000000100000000000
100000100000000000000000
001000000000000000000000
001000000010000000000000
001000001000000000000000
000000100000000000000000
000000001000000000001000
000001000000000001100000
000000000000000000000000
000100000001000000001000
000001000000000000000000
000000000001101000000000
100000000100000001000000
000000000100000000000000
100001000000000000000000
000000000010010000000001
000000100000000100000000
000000000000000000000101
000000000000000000000001
000100001000010000000000
100010000000000001000000
000010000000010000000000
110000000010000000000000
000000000000000000000101
001100000000000010000010
000001000000000000000000
000000011000000000000000
001100100000000000000010
000000001001100000000000
000010000000000000000110
110001001000000000010000
000000000001010010100000
000000000000001000000000
000000010000000001000001
000000000000101000000010
001100000010010010000000
000000000000010100100000
100000000000000001000100
000000010000000000000000
001000000100000000000101
000000000000100000000000
000000000000000000000000
100000100000000000000000
000000000000000001000000
000000000000010000000001
000000000000001010000010
000001000000100000000000
000000000000000000000000
010010011101000000000100
000000000000000000010000
000000000000000000000010
000000001000000000000010
000000100010010010000010
000000000000000000000010
000000010100000000000000
000000000000000100001000
001000000000000000001000
000000100000000000011000
000000000100110100000000
000000001000000000000000
000100000010000000000000
000000100000000000100010
000000010000000000001000
000000001000000000000000
001000000000000000000010
000000001000000000000000
000000000001000000000000
001000000100100001000000
000000000000010000100010
000000000000000000001100
000100000000000001000000
000010000000010101000000
000000000000000100001000
000000000000100000010010
010000000000000100000000
000100000011000010100010
000110000000000000100001
000000000000001000000000
000000000010000000000000
000000100000000000000001
000000000000000010100000
000000000010010000000000
000010000100000000000010
100001000000000000000000
000000000000001000000000
000000000001000000000000
000100001000000000100000
100000000000100000000000
000001000000000000001000
000001001000000000000001
100000100000000000001001
010000000000010000000100
000000001000000000000000
000000000000000000000000
000000000000000000000000
000000000000100000000001
000100000000000000000000
000000000100100000000000
000010001001010000100100
000000000000010000000010
000000000000000000000000
001000000000000000000000
100000010000000000000000
000000100000000000010000
000000001100010000000000
100001000000000000000000
000000000000000000000000
000000000000000001010000
000100010000000001000000
001000000010100000000010
000001000000000000000000
000000100001000000000000
000110010000000000010100
100110000100001000000000
000000000001000000100000
010000000000001000001000
000000000000000000000000
000001000000000000000000
100010000000010001000000
100000000000000000000000
000000010000000000110000
000000000000000000000000
000000000000000000000000
000000000001000000000000
100000000000000100000010
000000000001000000000000
000000000000000000100010
000000110010000010000000
000000111100010000000000
000000100010000000000010
010001000000000000000000
001001010100000100000000
111000000000000000000100
000000000000000000001000
000000000000000000000000
001000000000000000001100
000001000000000000000000
000000000100000000000001
000000000000001000000000
100000110000000000000000
000000001000000000000000
000000000000001000000000
000100000001000000000000
000010000000010000100000
000000000000000001000000
000000000000000000100000
000001000000000000000000
000000000010001001000000
000000000000000000001000
000000000000000010000000
000100000000101000000000
000000001000000000000000
010000100000100000100000
000001000000000000000000
000010000000000000000000
100000000000000000100011
000010000000000000000000
100101000000000000000100
000010000000000000000000
010010100000000000000000
000000000000100000000000
010000010000000000100000
001000000000000000010000
011010000000000000000000
100000000000100000000000
010001000000001010000000
001000110000000000000000
000010010100000000000001
000000000000000010000000
000000010010000000001100
000000000000000010000100
000100000000000000000000
000010000000011001000000
000000000000001100000000
000000000000000000000000
011000000000000000001000
110000000000000000000000
000000000000011001000000
000000000100000100000000
100010000011110001000000
001000000000010000000001
000000000000000000001000
100000000100000101000000
000000000100000000000010
000000100000100000000000
000000000000000000000000
000000000000000000100100
000000000000001010100000
100001000001000001000010
000000010000000001000000
000000000000000000000010
000100000000000000000100
000000010000000000000000
000000000001000000000000
000000010000100000000000
000100000000100000000001
000000010000000001000100
000000000000000000000000
000000000000000110000001
000000000000000000000000
000000100000000000001000
000010000000001000000100
000001000101000000100000
000000100000000000100000
000010000000000000000000
000000000000100001000000
010000000000000000000000
000100000000000000000000
101000000000000000000000
000000000000000000000000
000000000000100000100000
000000001000001100000000
000000000110010000110000
000000010000000000000000
000001000000000000110000
000000010000000010000000
000000001000000010010000
000000000000000100000000
000000000001000000100000
000000000000000000000000
000000000000000000000000
000000100000010000000000
000000010000010000001000
001000110010100000000001
000000000000000000000000
001100000000001000000000
000001000110000000000000
000010000010000010000000
000000100100000000000000
000000000000000110000000
000000000110011000001000
000000100000001000000000
000000000000000001000000
000000000010001000000000
000001000010000000010000
101000000000000001000001
000000000001100000010000
000000100000011010000000
000000000001000000000000
010100000000000000100000
000000010000000000000000
000000010000000000000000
000001110001000000100000
001000000000000000000001
010000000000000100000000
000001000000010100001000
100000000000000000000000
000000110000000000000000
000100000000001000000000
000000000000000000000001
000000001001000100000000
000000000000000001000000
000000110000100001011000
001000000000000000000001
000000000000001000000100
100010000000000000010000
000000000000000110000000
010000000100101000010000
000001000001000010000000
000000001000000010000010
000000001000000000000001
010000000000010000000110
000000001001010000000000
000010000000000010000000
000000000000011000000000
000000010000000000001100
100000100000010100000000
000001000000000010000010
000000000000000000000000
000000000000001000000000
000000001001000000100010
000010010000000000000101
000000000000000001100010
001001001000011000000000
000000001000000000000000
001000000000000010000000
000010000000000000000000
010000000000000000000010
000000000000000000010000
000100000010001000000100
000001001000000000000000
000000111001001000000000
100000000000100000000000
000000000010000110000000
000000000000100000000001
000000000001000100000000
000000000000010000000000
000000000000000100000000
000000000000000000000001
000010000000000100010000
000000000001000001000100
111000000000000000000000
000100000100000000001000
001000001000000010010011
000000000100000000100010
010000010010000000000000
001000000000000010000010
000000000000000100010000
000000000000010100010000
000000000000001000000000
100000100001001000001000
000000000000000000010000
000000000000000000001000
000000000010000000000000
000000100000000000000000
000000000000000100001000
000000000100000000000000
000000000000000100000000
110001010000000000000000
100000000000000000000000
000100000000000001000000
000000000000000000010001
000000000000000000000000
010000000000001000000001
000000010100000000000000
001010000000000000000000
000001000000000000000101
100000100000001000000001
000000000000000100000000
100000000000000000000000
000000000000000000000000
000010000000000000000000
000010000000000000000100
000000000001000000000000
000000000001100000010000
100001000000000000000100
000000100000000000000000
100000001011100000000000
001000000100001100010100
000000000000000000010000
010100000000001000000000
000000000100100000000100
000000000010000000000000
000100000000000001000000
000000000000000010000010
001001100001000010010010
000000000000000000000000
011000000000000100000000
000000101100000000000000
000000001000010000000000
000010000000001100000001
000000000000010000000000
000000000000100000000000
010110000000000000001000
000000000000001000000000
000000100000000000000000
000100000000000000000000
010000000000111000100000
000000000000000000000000
000000100000000000000000
